13409
12177
13746
12173
12172
12171
12170
12169
12168
12167
12166
12165
12164
12160
12159
12158
12157
12156
12155
12154
12153
12152
12151
12150
12149
12148
12182
12129
12128
12127
12126
12125
12124
12123
12122
12121
12120
12119
12118
12117
12116
12872
12871
12870
12869
12868
12110
12109
12108
12107
12106
12105
12104
12103
12102
12096
12095
12094
12896
12867
13282
13281
13280
13279
13278
13277
13249
13248
13247
13246
13245
13244
13243
13242
13241
13240
13239
13254
13253
13252
13251
13250
14020
13144
13143
13142
13141
13140
13139
13138
13104
13103
13102
13101
13100
13752
13751
13750
13430
13429
13428
13427
13426
13425
13424
13423
13422
13421
13405
13404
13403
13402
13401
13415
13414
13441
13412
13411
13410
13437
13838
13837
13836
13835
13823
13822
13821
13820
13819
13818
13817
13816
13815
13814
13813
13812
13811
13810
13809
13808
13827
13841
13842
13843
13844
13845
13846
13847
13848
13849
13850
13851
13852
13853
13854
13855
13866
13867
13868
13869
13870
13871
13872
13873
13779
13778
13777
13776
13775
13774
13773
12331
12336
12337
12338
12327
12328
12012
12013
12014
12015
12016
12017
12022
12023
12024
12025
12026
12027
12028
12045
11927
11923
11929
11930
11931
11932
11944
11937
11938
11939
11947
11948
11949
11950
11951
11952
11953
11954
11955
11965
11966
11967
11968
11969
11970
11973
11974
11975
11976
11977
12861
11979
13206
13207
11980
11981
11982
11983
11984
11985
11986
11987
11988
11989
13861
13862
13863
13864
13865
12371
12372
12373
12374
12375
12376
12399
12400
12401
12402
12403
12404
12405
12406
12407
12408
12409
12875
12878
10712
10713
10714
10715
10716
10717
10718
10719
10720
10721
10722
10723
10724
10725
10726
10727
10728
10729
10730
10731
10732
12902
10734
10735
10736
10740
10741
11905
11918
11936
11935
11934
12421
12420
12419
12418
12417
12416
12415
12414
12413
12412
12411
12410
12391
12390
12389
12388
12387
12386
12385
12384
12383
12382
12381
12380
12379
12378
12377
12394
12398
12393
12392
12354
12363
12362
12361
12360
12359
12358
12357
12356
12292
12291
12290
12289
12288
12286
12273
12274
12275
13037
13036
13035
13034
13033
13032
15288
13030
13125
13026
13025
13024
13023
13022
13021
13020
13080
13081
13019
13018
13017
13014
13013
13012
13011
13010
11753
11752
11751
11750
11749
11745
11744
11743
11742
11692
11691
11690
11689
11688
11687
15307
11685
15305
11683
11682
13009
13008
13007
13006
13005
13004
12528
12527
12526
12525
13048
11117
11118
11119
11120
11162
11163
11164
11166
11168
11169
11170
11171
11172
11174
11176
11177
11178
11179
11180
11182
11183
11184
11185
11186
11188
11190
11191
11192
11193
11195
11196
11197
11199
11200
11202
11203
11204
11206
11144
11143
11142
11141
11140
11139
11137
11135
11134
12132
11038
11039
11037
11036
11132
11131
11129
11123
11122
11121
10739
10738
11856
10743
10742
10745
10744
10812
10811
10808
10799
10796
10793
10785
10780
10775
10767
10762
10760
10758
10756
10754
10752
10750
10748
10746
16090
16089
16088
16052
16087
15718
15717
16083
16082
15370
16274
15356
15354
15335
15609
15351
15350
15347
15345
15342
15427
15674
15432
15678
15680
15681
15686
15685
15644
15499
15645
15646
15647
15648
14847
15848
15849
14852
15850
15847
14854
16044
14865
15856
15720
15857
14913
15858
15859
16135
16136
15862
16137
15735
16045
14880
15698
14888
14877
10747
10749
10751
10753
10755
10757
10759
10761
10763
10764
10765
10766
10768
10769
10770
10771
10772
10773
10774
10776
10777
10778
10779
10781
10782
10783
10784
10786
10787
10788
10789
10790
10791
10792
10794
10795
10797
10798
10800
10801
10802
10803
10804
10805
10806
10807
10809
10810
11124
11130
11136
11138
11145
11165
11167
11173
11175
11181
11187
11189
11194
11198
11201
11205
11928
11940
11941
11942
11943
11956
12133
12287
12301
12395
12396
12397
12859
12874
12879
13028
13038
13255
13256
13257
13258
13259
13260
13261
13262
13263
13264
13265
13416
13417
13418
13420
13438
13439
13440
13442
13758
13759
13760
13761
13840
13856
13857
13858
13859
13860
13877
13878
13879
13880
13881
13882
13883
13884
13885
13886
13887
13888
14857
15289
15306
15308
15336
15337
15338
15339
15340
15343
15346
15348
15349
15355
15357
15358
15359
15360
15361
15371
15372
15433
15607
15608
15610
15624
15625
15672
15673
15675
15676
15679
15682
15683
15687
15721
15727
15728
15729
15730
15731
15732
15733
15734
15736
15737
15738
15739
15740
15851
16168
16195
16271
16275
13419
13413
13828
11945
11946
11153
11151
16084
16170
14882